Map from character to field name
A:	Cameroon
B:	China
C:	Iran
D:	Israel
E:	Italy
F:	Pakistan
G:	Russia
H:	?


Substitution rate (mu): 4.245082

Equilibrium frequencies (pi_i):
  A: 0.131
  B: 0.1402
  C: 0.1978
  D: 0.1242
  E: 0.1331
  F: 0.1218
  G: 0.152

Symmetrized rates from j->i (W_ij):
	A	B	C	D	E	F	G
  A	0	0.91	1.0446	0.8933	0.911	1.0935	0.9024
  B	0.91	0	1.2326	1.1888	1.3269	0.8771	0.9106
  C	1.0446	1.2326	0	2.2429	1.053	2.3434	0.9151
  D	0.8933	1.1888	2.2429	0	0.895	0.8662	1.7546
  E	0.911	1.3269	1.053	0.895	0	0.8795	0.9048
  F	1.0935	0.8771	2.3434	0.8662	0.8795	0	0.8678
  G	0.9024	0.9106	0.9151	1.7546	0.9048	0.8678	0

Actual rates from j->i (Q_ij):
	A	B	C	D	E	F	G
  A	0	0.1192	0.1368	0.117	0.1193	0.1432	0.1182
  B	0.1276	0	0.1728	0.1667	0.186	0.123	0.1277
  C	0.2066	0.2438	0	0.4435	0.2082	0.4634	0.181
  D	0.111	0.1477	0.2786	0	0.1112	0.1076	0.2179
  E	0.1212	0.1766	0.1401	0.1191	0	0.117	0.1204
  F	0.1332	0.1069	0.2855	0.1055	0.1071	0	0.1057
  G	0.1371	0.1384	0.1391	0.2666	0.1375	0.1319	0
