Map from character to field name
A:	Cameroon
B:	China
C:	Iran
D:	Israel
E:	Italy
F:	Pakistan
G:	Russia
H:	?


Substitution rate (mu): 4.24854

Equilibrium frequencies (pi_i):
  A: 0.1309
  B: 0.1401
  C: 0.1979
  D: 0.1248
  E: 0.1331
  F: 0.122
  G: 0.1512

Symmetrized rates from j->i (W_ij):
	A	B	C	D	E	F	G
  A	0	0.9094	1.046	0.8929	0.9104	1.0909	0.9018
  B	0.9094	0	1.2353	1.186	1.3264	0.8765	0.9096
  C	1.046	1.2353	0	2.2312	1.0529	2.3415	0.9221
  D	0.8929	1.186	2.2312	0	0.8945	0.8656	1.7535
  E	0.9104	1.3264	1.0529	0.8945	0	0.8789	0.9041
  F	1.0909	0.8765	2.3415	0.8656	0.8789	0	0.8673
  G	0.9018	0.9096	0.9221	1.7535	0.9041	0.8673	0

Actual rates from j->i (Q_ij):
	A	B	C	D	E	F	G
  A	0	0.1191	0.137	0.1169	0.1192	0.1428	0.1181
  B	0.1274	0	0.1731	0.1662	0.1858	0.1228	0.1274
  C	0.207	0.2445	0	0.4415	0.2084	0.4634	0.1825
  D	0.1114	0.148	0.2784	0	0.1116	0.108	0.2188
  E	0.1212	0.1765	0.1401	0.1191	0	0.117	0.1203
  F	0.133	0.1069	0.2856	0.1056	0.1072	0	0.1058
  G	0.1364	0.1376	0.1395	0.2652	0.1367	0.1312	0
